Sanae00	0	0	32	48	1	0
Sanae01	32	0	32	48	1	0
Sanae02	64	0	32	48	1	0
Sanae03	96	0	32	48	1	0
Sanae04	128	0	32	48	1	0
Sanae05	160	0	32	48	1	0
Sanae06	192	0	32	48	1	0
Sanae07	224	0	32	48	1	0
Sanae10	0	48	32	48	1	0
Sanae11	32	48	32	48	1	0
Sanae12	64	48	32	48	1	0
Sanae13	96	48	32	48	1	0
Sanae14	128	48	32	48	1	0
Sanae15	160	48	32	48	1	0
Sanae16	192	48	32	48	1	0
Sanae17	224	48	32	48	1	0
Sanae20	0	96	32	48	1	0
Sanae21	32	96	32	48	1	0
Sanae22	64	96	32	48	1	0
Sanae23	96	96	32	48	1	0
Sanae24	128	96	32	48	1	0
Sanae25	160	96	32	48	1	0
Sanae26	192	96	32	48	1	0
Sanae27	224	96	32	48	1	0
SanaeSubBullet00	0	144	32	32	0	0
SanaeSubBullet01	32	144	32	32	0	0
SanaeBullet00	0	184	64	16	0	0
SanaeSubPlane	64	144	17	17	0	0
SanaeSubBullet02	144	144	64	11	0	0